59
47
54
98
5
54
74
14
72
72
38
93
89
5
36
85
36
56
15
18
83
82
54
31
22
5
11
31
5
19
93
56
5
28
57
5
88
6
93
9
73
66
7
14
14
74
18
76
43
74
89
6
89
7
38
10
88
99
33
61
44
99
14
23
41
30
5
99
48
15
9
17
66
27
19
66
63
27
32
35
48
34
95
92
6
33
5
89
7
85
90
36
6
94
42
74
81
25
93
61
6
72
98
8
20
8
91
80
9
52
40
5
71
56
22
87
89
47
76
61
56
22
49
87
62
7
93
19
40
8
15
87
52
50
78
75
5
100
7
7
67
37
4
44
30
77
12
7
50
67
79
24
44
33
62
75
81
21
40
6
14
74
87
10
62
58
25
47
84
5
11
44
37
44
18
58
18
95
37
10
5
86
66
7
65
9
8
5
74
46
61
75
53
8
6
70
93
87
58
5
48
95
77
8
42
77
6
24
81
38
5
43
89
10
7
83
33
33
9
49
96
75
78
62
37
14
69
6
10
5
43
57
38
89
14
26
5
59
75
38
8
40
82
4
49
5
72
5
18
99
44
13
14
13
19
60
51
61
12
25
33
50
28
82
56
47
12
36
62
93
56
75
70
22
9
27
72
56
29
58
96
10
42
93
46
39
48
61
26
29
6
102
20
52
92
7
102
91
101
20
42
92
43
62
64
57
46
88
30
47
8
5
71
5
50
22
61
25
51
102
58
43
55
80
68
5
82
14
51
6
88
25
75
51
59
77
37
28
84
94
73
34
8
76
70
25
57
89
63
14
53
26
44
70
12
46
55
23
95
27
79
42
85
9
63
19
93
6
36
45
58
85
56
16
10
8
38
86
76
102
94
53
15
33
30
43
68
55
82
50
42
6
6
6
32
36
27
40
60
48
11
33
83
41
13
5
87
70
5
89
22
61
23
7
13
77
82
17
25
79
11
6
99
49
51
74
19
79
5
66
8
5
18
60
8
86
24
48
50
64
79
13
18
19
5
6
77
10
72
5
7
7
6
103
56
15
39
81
20
42
5
5
73
5
58
40
14
102
43
85
81
42
95
59
42
39
95
30
7
13
5
46
42
90
9
6
21
43
57
46
11
91
6
4
7
73
66
102
56
85
80
77
98
81
9
41
17
91
17
14
61
6
70
86
5
32
59
76
18
5
98
68
32
68
100
38
30
94
66
66
96
69
5
24
82
97
73
24
29
18
60
6
11
67
36
7
30
33
96
75
11
41
85
62
71
34
4
59
59
5
46
57
23
58
85
50
75
28
7
5
38
62
35
11
85
25
10
38
44
48
35
36
37
28
48
39
84
95
38
4
76
5
15
41
32
93
37
24
44
63
62
22
4
30
14
36
44
79
42
26
47
8
6
87
97
17
8
16
27
69
97
7
7
19
99
94
92
84
11
61
82
46
65
67
30
5
68
34
44
5
5
89
67
27
83
48
71
49
50
96
95
33
60
65
9
78
67
6
10
63
69
64
8
67
40
72
35
98
32
37
7
71
30
50
31
95
75
48
8
11
7
36
32
43
30
99
35
91
19
30
81
42
85
9
55
20
7
5
91
61
83
60
12
90
4
77
5
20
89
5
6
60
16
84
62
63
87
12
6
44
51
12
14
5
64
86
28
8
39
76
95
78
33
48
41
18
54
49
45
58
81
79
65
6
38
8
71
99
7
20
9
43
59
39
21
67
75
99
68
53
8
55
80
28
33
58
66
25
12
5
76
31
38
9
39
14
5
8
16
56
80
75
63
52
91
97
87
77
74
34
4
86
62
5
21
68
71
46
87
10
53
95
73
91
5
58
9
103
34
52
20
18
54
60
39
24
88
93
40
64
16
77
51
75
38
86
29
60
6
65
89
13
85
100
8
81
63
96
26
69
6
58
53
5
74
12
91
34
5
5
24
100
12
18
95
56
21
80
43
39
70
76
10
103
62
6
81
27
77
14